./ShakeFive2/Video-17112014-033712.mp4,HIGH_FIVE,39,91,92,96,97,190,-1,-1
./ShakeFive2/Video-24112014-030039.mp4,HIGH_FIVE,33,73,74,84,85,149,150,174
./ShakeFive2/Video-17112014-032514.mp4,HIGH_FIVE,40,77,78,83,84,190,-1,-1
./ShakeFive2/Video-24112014-024618.mp4,HIGH_FIVE,25,83,84,87,88,212,213,216
./ShakeFive2/Video-17112014-042906.mp4,HIGH_FIVE,44,79,80,86,87,180,-1,-1
./ShakeFive2/Video-24112014-023714.mp4,HIGH_FIVE,40,85,86,89,90,184,185,189
./ShakeFive2/Video-24112014-012357.mp4,HIGH_FIVE,21,69,70,73,74,151,152,181
./ShakeFive2/Video-17112014-024110.mp4,HIGH_FIVE,31,74,75,82,83,182,-1,-1
./ShakeFive2/Video-17112014-022658.mp4,HIGH_FIVE,37,79,80,83,84,157,158,163
./ShakeFive2/Video-24112014-015434.mp4,HIGH_FIVE,37,102,103,106,107,171,172,192
./ShakeFive2/Video-24112014-021106.mp4,HIGH_FIVE,48,101,102,110,111,173,174,180
./ShakeFive2/Video-24112014-014027.mp4,HIGH_FIVE,35,79,80,89,90,190,-1,-1
./ShakeFive2/Video-17112014-014943.mp4,HIGH_FIVE,55,96,97,102,103,169,-1,-1
./ShakeFive2/Video-17112014-032908.mp4,HUG,33,88,89,111,112,170,-1,-1
./ShakeFive2/Video-17112014-013834.mp4,HUG,52,93,94,115,116,196,-1,-1
./ShakeFive2/Video-17112014-015506.mp4,HUG,36,90,91,132,133,198,-1,-1
./ShakeFive2/Video-24112014-033412.mp4,HUG,43,90,91,130,131,239,-1,-1
./ShakeFive2/Video-24112014-015708.mp4,HUG,82,143,144,204,205,274,275,299
./ShakeFive2/Video-17112014-030028.mp4,HUG,42,106,107,130,131,220,-1,-1
./ShakeFive2/Video-17112014-023236.mp4,HUG,25,94,95,117,118,193,-1,-1
./ShakeFive2/Video-24112014-024910.mp4,HUG,66,117,118,163,164,252,-1,-1
./ShakeFive2/Video-17112014-045938.mp4,HUG,45,123,124,169,170,216,-1,-1
./ShakeFive2/Video-24112014-024202.mp4,HUG,24,87,88,97,98,315,-1,-1
./ShakeFive2/Video-24112014-021633.mp4,HUG,35,94,95,121,122,205,206,225
./ShakeFive2/Video-24112014-030337.mp4,HUG,38,87,88,122,123,212,213,221
./ShakeFive2/Video-17112014-034013.mp4,HUG,44,106,107,146,147,233,234,248
./ShakeFive2/Video-17112014-023333.mp4,HAND_SHAKE,36,70,71,88,89,166,-1,-1
./ShakeFive2/Video-17112014-022551.mp4,HAND_SHAKE,8,45,46,61,62,148,-1,-1
./ShakeFive2/Video-17112014-014905.mp4,HAND_SHAKE,44,75,76,96,97,203,-1,-1
./ShakeFive2/Video-17112014-033649.mp4,HAND_SHAKE,44,84,85,102,103,197,198,214
./ShakeFive2/Video-24112014-023634.mp4,HAND_SHAKE,34,117,118,128,129,219,220,252
./ShakeFive2/Video-24112014-030011.mp4,HAND_SHAKE,29,64,65,81,82,188,189,197
./ShakeFive2/Video-24112014-015411.mp4,HAND_SHAKE,37,77,78,114,115,197,-1,-1
./ShakeFive2/Video-17112014-032436.mp4,HAND_SHAKE,30,63,64,86,87,167,168,179
./ShakeFive2/Video-17112014-033550.mp4,HAND_SHAKE,37,75,76,98,99,179,-1,-1
./ShakeFive2/Video-24112014-014004.mp4,HAND_SHAKE,17,71,72,91,92,183,-1,-1
./ShakeFive2/Video-17112014-045423.mp4,HAND_SHAKE,47,83,84,103,104,186,-1,-1
./ShakeFive2/Video-24112014-021026.mp4,HAND_SHAKE,41,80,81,102,103,177,178,195
./ShakeFive2/Video-17112014-042827.mp4,HAND_SHAKE,40,71,72,104,105,187,-1,-1
./ShakeFive2/Video-24112014-021129.mp4,FIST_BUMP,60,60,61,109,110,203,204,234
./ShakeFive2/Video-24112014-023839.mp4,FIST_BUMP,40,86,87,89,90,177,-1,-1
./ShakeFive2/Video-17112014-023423.mp4,FIST_BUMP,31,76,77,83,84,154,155,167
./ShakeFive2/Video-17112014-033733.mp4,FIST_BUMP,25,91,92,95,96,182,183,226
./ShakeFive2/Video-24112014-024651.mp4,FIST_BUMP,37,76,77,80,81,158,159,190
./ShakeFive2/Video-17112014-022743.mp4,FIST_BUMP,48,93,94,95,96,200,-1,-1
./ShakeFive2/Video-24112014-012454.mp4,FIST_BUMP,36,82,83,89,90,169,170,185
./ShakeFive2/Video-17112014-013440.mp4,FIST_BUMP,53,80,81,86,87,168,87,168
./ShakeFive2/Video-24112014-033212.mp4,FIST_BUMP,24,55,56,66,67,162,-1,-1
./ShakeFive2/Video-17112014-025719.mp4,FIST_BUMP,32,73,74,79,80,185,186,204
./ShakeFive2/Video-17112014-045513.mp4,FIST_BUMP,145,188,189,195,196,333,-1,-1
./ShakeFive2/Video-17112014-032555.mp4,FIST_BUMP,32,72,73,76,77,156,157,172
./ShakeFive2/Video-24112014-015455.mp4,FIST_BUMP,47,96,97,109,110,199,200,214
